20 1 0x01 32 8704 12071183868 81628714663749
name                            type data
1 ns                            4    0
2 ns                            4    0
4 ns                            4    0
8 ns                            4    0
16 ns                           4    0
32 ns                           4    0
64 ns                           4    0
128 ns                          4    0
256 ns                          4    0
512 ns                          4    0
1024 ns                         4    0
2048 ns                         4    0
4096 ns                         4    0
8192 ns                         4    0
16384 ns                        4    1
32768 ns                        4    0
65536 ns                        4    0
131072 ns                       4    0
262144 ns                       4    0
524288 ns                       4    1
1048576 ns                      4    0
2097152 ns                      4    1
4194304 ns                      4    0
8388608 ns                      4    1
16777216 ns                     4    4
33554432 ns                     4    17
67108864 ns                     4    17
134217728 ns                    4    65
268435456 ns                    4    299
536870912 ns                    4    422
1073741824 ns                   4    286
2147483648 ns                   4    36
