txg      birth            state ndirty       nread        nwritten     reads    writes   otime        qtime        wtime        stime       
38933305 81558939065270   C     11593216     65536        8069120      2        410      5120670263   13540        26310        30519218    
38933306 81564059735533   C     14331904     28672        8912896      3        605      5118702472   10540        25090        33558469    
38933307 81569178438005   C     12691968     98304        9838592      2        531      5119721943   22010        31970        44109191    
38933308 81574298159948   C     12016128     77824        8781824      2        444      5119707102   13830        25930        31218119    
38933309 81579417867050   C     16435200     40960        9633792      2        623      5120317323   15320        21930        66463718    
38933310 81584538184373   C     126633984    98304        48324608     2        2964     5120104683   13570        30480        234054792   
38933311 81589658289056   C     24850432     65536        16588800     2        1394     5119680593   13480        27760        56116775    
38933312 81594777969649   C     32074240     4096         11739136     1        601      5118712352   13790        21250        39466351    
38933313 81599896682001   C     315760640    65536        286113792    6        3909     5119713293   19620        28130        169886025   
38933314 81605016395294   C     8412672      45056        7659520      2        368      5119703463   13140        30940        31259678    
38933315 81610136098757   S     0            0            0            0        0        5119702792   15230        30460        0           
38933316 81615255801549   O     0            0            0            0        0        0            0            0            0           
